0.00000000	
0.00000000	
0.00000000	
0.00000000	
0.00000000	
0.00000000	
0.00000000	
0.00000000	
0.00000000	
0.00000000	
0.00000000	
0.00000000	
0.00000000	
0.00000000	
0.00000000	
0.00000000	
0.00000000	
0.00000000	
0.00000000	
0.00000000	
0.00000000	
0.00000000	
0.00000000	
0.00000000	
0.00000000	
0.00000000	
0.00000000	
0.00000000	
0.00000000	
0.00000000	
0.00000000	
0.00000000	
0.00000000	
0.00000000	
0.00000000	
0.00000000	
0.00000000	
0.00000000	
0.00000000	
0.00000000	
0.00000000	
0.00000000	
0.00000000	
0.00000000	
0.00000000	
0.00000000	
0.00000000	
0.00000000	
0.00000000	
0.00000000	
0.00000000	
0.00000000	
0.00000000	
0.00000000	
0.00000000	
0.00000000	
0.00000000	
0.00000000	
0.00000000	
0.00000000	
0.00000000	
0.00000000	
0.00000000	
0.00000000	
0.00000000	
0.00000000	
0.00000000	
0.00000000	
0.00000000	
0.00000000	
0.00000000	
0.00000000	
0.00000000	
0.00000000	
0.00000000	
0.00000000	
0.00000000	
0.00000000	
0.00000000	
0.00000000	
0.00000000	
0.00000000	
0.00000000	
0.00000000	
0.00000000	
0.00000000	
0.00000000	
0.00000000	
0.00000000	
0.00000000	
0.00000000	
0.00000000	
0.00000000	
0.00000000	
0.00000000	
0.00000000	
0.00000000	
0.00000000	
0.00000000	
0.00000000	
0.00000000	
0.00000000	
0.00000000	
0.00000000	
0.00000000	
0.00000000	
0.00000000	
0.00000000	
0.00000000	
0.00000000	
0.00000000	
0.00000000	
0.00000000	
0.00000000	
0.00000000	
0.00000000	
0.00000000	
0.00000000	
0.00000000	
0.00000000	
0.00000000	
0.00000000	
0.00000000	
0.00000000	
0.00000000	
0.00000000	
0.00000000	
0.00000000	
0.00000000	
0.00000000	
0.00000000	
0.00000000	
0.00000000	
0.00000000	
0.00000000	
0.00000000	
0.00000000	
0.00000000	
0.00000000	
0.00000000	
0.00000000	
0.00000000	
0.00000000	
0.00000000	
0.00000000	
0.00000000	
0.00000000	
0.00000000	
0.00000000	
0.00000000	
0.00000000	
0.00000000	
0.00000000	
0.00000000	
0.00000000	
0.00000000	
0.00000000	
0.00000000	
0.00000000	
0.00000000	
0.00000000	
0.00000000	
0.00000000	
0.00000000	
0.00000000	
0.00000000	
0.00000000	
0.00000000	
0.00000000	
0.00000000	
0.00000000	
0.00000000	
0.00000000	
0.00000000	
0.00000000	
0.00000000	
0.00000000	
0.00000000	
0.00000000	
0.00000000	
0.00000000	
0.00000000	
0.00000000	
0.00000000	
0.00000000	
0.00000000	
0.00000000	
0.00000000	
0.00000000	
0.00000000	
0.00000000	
0.00000000	
0.00000000	
0.00000000	
0.00000000	
0.00000000	
0.00000000	
0.00000000	
0.00000000	
0.00000000	
0.00000000	
0.00000000	
0.00000000	
0.00000000	
0.00000000	
0.00000000	
0.00000000	
0.00000000	
0.00000000	
0.00000000	
0.00000000	
0.00000000	
0.00000000	
0.00000000	
0.00000000	
0.00000000	
0.00000000	
0.00000000	
0.00000000	
0.00000000	
0.00000000	
0.00000000	
0.00000000	
0.00000000	
0.00000000	
0.00000000	
0.00000000	
0.00000000	
0.00000000	
0.00000000	
0.00000000	
0.00000000	
0.00000000	
0.00000000	
0.00000000	
0.00000000	
0.00000000	
0.00000000	
0.00000000	
0.00000000	
0.00000000	
0.00000000	
0.00000000	
0.00000000	
0.00000000	
0.00000000	
0.00000000	
0.00000000	
0.00000000	
0.00000000	
0.00000000	
0.00000000	
0.00000000	
0.00000000	
0.00000000	
0.00000000	
0.00000000	
0.00000000	
0.00000000	
0.00000000	
0.00000000	
0.00000000	
0.00000000	
0.00000000	
0.00000000	
0.00000000	
0.00000000	
0.00000000	
0.00000000	
0.00000000	
0.00000000	
0.00000000	
0.00000000	
0.00000000	
0.00000000	
0.00000000	
0.00000000	
0.00000000	
0.00000000	
0.00000000	
0.00000000	
0.00000000	
0.00000000	
0.00000000	
0.00000000	
0.00000000	
0.00000000	
0.00000000	
0.00000000	
0.00000000	
0.00000000	
0.00000000	
0.00000000	
0.00000000	
0.00000000	
0.00000000	
0.00000000	
0.00000000	
0.00000000	
0.00000000	
0.00000000	
0.00000000	
0.00000000	
0.00000000	
0.00000000	
0.00000000	
0.00000000	
0.00000000	
0.00000000	
0.00000000	
0.00000000	
0.00000000	
0.00000000	
0.00000000	
0.00000000	
0.00000000	
0.00000000	
0.00000000	
0.00000000	
0.00000000	
0.00000000	
0.00000000	
0.00000000	
0.00000000	
0.00000000	
0.00000000	
0.00000001	
0.00000001	
0.00000001	
0.00000001	
0.00000001	
0.00000001	
0.00000001	
0.00000001	
0.00000001	
0.00000001	
0.00000001	
0.00000001	
0.00000001	
0.00000001	
0.00000001	
0.00000001	
0.00000001	
0.00000001	
0.00000001	
0.00000001	
0.00000002	
0.00000002	
0.00000002	
0.00000002	
0.00000002	
0.00000002	
0.00000002	
0.00000002	
0.00000002	
0.00000002	
0.00000002	
0.00000003	
0.00000003	
0.00000003	
0.00000003	
0.00000003	
0.00000003	
0.00000003	
0.00000004	
0.00000004	
0.00000004	
0.00000004	
0.00000004	
0.00000005	
0.00000005	
0.00000005	
0.00000005	
0.00000005	
0.00000006	
0.00000006	
0.00000006	
0.00000007	
0.00000007	
0.00000007	
0.00000007	
0.00000008	
0.00000008	
0.00000008	
0.00000009	
0.00000009	
0.00000010	
0.00000010	
0.00000010	
0.00000011	
0.00000011	
0.00000012	
0.00000012	
0.00000013	
0.00000013	
0.00000014	
0.00000014	
0.00000015	
0.00000016	
0.00000016	
0.00000017	
0.00000017	
0.00000018	
0.00000019	
0.00000020	
0.00000020	
0.00000021	
0.00000022	
0.00000023	
0.00000024	
0.00000025	
0.00000025	
0.00000026	
0.00000027	
0.00000028	
0.00000029	
0.00000031	
0.00000032	
0.00000033	
0.00000034	
0.00000035	
0.00000036	
0.00000038	
0.00000039	
0.00000040	
0.00000042	
0.00000043	
0.00000045	
0.00000046	
0.00000048	
0.00000050	
0.00000051	
0.00000053	
0.00000055	
0.00000057	
0.00000059	
0.00000061	
0.00000063	
0.00000065	
0.00000067	
0.00000069	
0.00000071	
0.00000074	
0.00000076	
0.00000079	
0.00000081	
0.00000084	
0.00000086	
0.00000089	
0.00000092	
0.00000095	
0.00000098	
0.00000101	
0.00000104	
0.00000107	
0.00000111	
0.00000114	
0.00000118	
0.00000121	
0.00000125	
0.00000129	
0.00000132	
0.00000136	
0.00000140	
0.00000145	
0.00000149	
0.00000153	
0.00000158	
0.00000162	
0.00000167	
0.00000172	
0.00000177	
0.00000182	
0.00000187	
0.00000193	
0.00000198	
0.00000204	
0.00000209	
0.00000215	
0.00000221	
0.00000227	
0.00000234	
0.00000240	
0.00000247	
0.00000253	
0.00000260	
0.00000267	
0.00000275	
0.00000282	
0.00000290	
0.00000297	
0.00000305	
0.00000313	
0.00000322	
0.00000330	
0.00000339	
0.00000347	
0.00000357	
0.00000366	
0.00000375	
0.00000385	
0.00000395	
0.00000405	
0.00000415	
0.00000425	
0.00000436	
0.00000447	
0.00000458	
0.00000470	
0.00000481	
0.00000493	
0.00000505	
0.00000518	
0.00000530	
0.00000543	
0.00000556	
0.00000570	
0.00000584	
0.00000598	
0.00000612	
0.00000626	
0.00000641	
0.00000656	
0.00000672	
0.00000688	
0.00000704	
0.00000720	
0.00000737	
0.00000754	
0.00000771	
0.00000789	
0.00000807	
0.00000825	
0.00000844	
0.00000863	
0.00000882	
0.00000902	
0.00000922	
0.00000943	
0.00000964	
0.00000985	
0.00001007	
0.00001029	
0.00001051	
0.00001074	
0.00001098	
0.00001121	
0.00001145	
0.00001170	
0.00001195	
0.00001221	
0.00001246	
0.00001273	
0.00001300	
0.00001327	
0.00001355	
0.00001383	
0.00001412	
0.00001441	
0.00001471	
0.00001501	
0.00001532	
0.00001563	
0.00001595	
0.00001628	
0.00001661	
0.00001694	
0.00001728	
0.00001763	
0.00001798	
0.00001834	
0.00001870	
0.00001907	
0.00001945	
0.00001983	
0.00002022	
0.00002061	
0.00002101	
0.00002142	
0.00002183	
0.00002225	
0.00002268	
0.00002311	
0.00002355	
0.00002400	
0.00002445	
0.00002491	
0.00002538	
0.00002585	
0.00002634	
0.00002683	
0.00002732	
0.00002783	
0.00002834	
0.00002886	
0.00002939	
0.00002993	
0.00003047	
0.00003102	
0.00003158	
0.00003215	
0.00003273	
0.00003331	
0.00003391	
0.00003451	
0.00003512	
0.00003574	
0.00003637	
0.00003701	
0.00003765	
0.00003831	
0.00003898	
0.00003965	
0.00004034	
0.00004103	
0.00004173	
0.00004245	
0.00004317	
0.00004391	
0.00004465	
0.00004540	
0.00004617	
0.00004694	
0.00004773	
0.00004852	
0.00004933	
0.00005015	
0.00005098	
0.00005182	
0.00005267	
0.00005353	
0.00005440	
0.00005529	
0.00005619	
0.00005710	
0.00005802	
0.00005895	
0.00005989	
0.00006085	
0.00006182	
0.00006280	
0.00006379	
0.00006480	
0.00006582	
0.00006685	
0.00006790	
0.00006896	
0.00007003	
0.00007111	
0.00007221	
0.00007333	
0.00007445	
0.00007559	
0.00007675	
0.00007791	
0.00007910	
0.00008029	
0.00008150	
0.00008273	
0.00008397	
0.00008523	
0.00008650	
0.00008778	
0.00008909	
0.00009040	
0.00009173	
0.00009308	
0.00009445	
0.00009583	
0.00009722	
0.00009863	
0.00010006	
0.00010151	
0.00010297	
0.00010445	
0.00010594	
0.00010745	
0.00010898	
0.00011053	
0.00011209	
0.00011367	
0.00011527	
0.00011689	
0.00011853	
0.00012018	
0.00012185	
0.00012354	
0.00012525	
0.00012698	
0.00012872	
0.00013049	
0.00013227	
0.00013408	
0.00013590	
0.00013775	
0.00013961	
0.00014149	
0.00014339	
0.00014532	
0.00014726	
0.00014922	
0.00015121	
0.00015321	
0.00015524	
0.00015729	
0.00015936	
0.00016145	
0.00016356	
0.00016569	
0.00016785	
0.00017003	
0.00017223	
0.00017445	
0.00017669	
0.00017896	
0.00018125	
0.00018356	
0.00018590	
0.00018826	
0.00019064	
0.00019305	
0.00019548	
0.00019794	
0.00020041	
0.00020292	
0.00020545	
0.00020800	
0.00021057	
0.00021318	
0.00021580	
0.00021846	
0.00022113	
0.00022384	
0.00022657	
0.00022932	
0.00023210	
0.00023491	
0.00023775	
0.00024061	
0.00024350	
0.00024641	
0.00024935	
0.00025232	
0.00025532	
0.00025834	
0.00026139	
0.00026447	
0.00026758	
0.00027072	
0.00027389	
0.00027708	
0.00028030	
0.00028355	
0.00028684	
0.00029015	
0.00029349	
0.00029686	
0.00030026	
0.00030369	
0.00030715	
0.00031064	
0.00031416	
0.00031771	
0.00032129	
0.00032491	
0.00032856	
0.00033223	
0.00033594	
0.00033968	
0.00034346	
0.00034726	
0.00035110	
0.00035497	
0.00035887	
0.00036281	
0.00036678	
0.00037078	
0.00037482	
0.00037889	
0.00038300	
0.00038713	
0.00039131	
0.00039551	
0.00039976	
0.00040403	
0.00040835	
0.00041269	
0.00041708	
0.00042149	
0.00042595	
0.00043044	
0.00043496	
0.00043953	
0.00044413	
0.00044876	
0.00045344	
0.00045815	
0.00046289	
0.00046768	
0.00047250	
0.00047736	
0.00048226	
0.00048720	
0.00049217	
0.00049719	
0.00050224	
0.00050733	
0.00051246	
0.00051763	
0.00052284	
0.00052809	
0.00053339	
0.00053872	
0.00054409	
0.00054950	
0.00055495	
0.00056044	
0.00056598	
0.00057155	
0.00057717	
0.00058283	
0.00058853	
0.00059427	
0.00060006	
0.00060589	
0.00061176	
0.00061767	
0.00062363	
0.00062963	
0.00063568	
0.00064176	
0.00064789	
0.00065407	
0.00066029	
0.00066656	
0.00067286	
0.00067922	
0.00068562	
0.00069206	
0.00069855	
0.00070509	
0.00071167	
0.00071830	
0.00072497	
0.00073170	
0.00073846	
0.00074528	
0.00075214	
0.00075905	
0.00076600	
0.00077301	
0.00078006	
0.00078716	
0.00079431	
0.00080151	
0.00080875	
0.00081605	
0.00082339	
0.00083079	
0.00083823	
0.00084572	
0.00085326	
0.00086086	
0.00086850	
0.00087619	
0.00088394	
0.00089173	
0.00089958	
0.00090748	
0.00091542	
0.00092342	
0.00093148	
0.00093958	
0.00094774	
0.00095595	
0.00096421	
0.00097253	
0.00098090	
0.00098932	
0.00099779	
0.00100632	
0.00101491	
0.00102354	
0.00103224	
0.00104098	
0.00104978	
0.00105864	
0.00106755	
0.00107652	
0.00108554	
0.00109462	
0.00110375	
0.00111294	
0.00112219	
0.00113149	
0.00114085	
0.00115027	
0.00115974	
0.00116927	
0.00117886	
0.00118851	
0.00119821	
0.00120798	
0.00121780	
0.00122768	
0.00123762	
0.00124762	
0.00125767	
0.00126779	
0.00127796	
0.00128820	
0.00129850	
0.00130885	
0.00131927	
0.00132975	
0.00134028	
0.00135088	
0.00136154	
0.00137226	
0.00138305	
0.00139389	
0.00140480	
0.00141577	
0.00142680	
0.00143789	
0.00144905	
0.00146027	
0.00147155	
0.00148290	
0.00149431	
0.00150578	
0.00151732	
0.00152892	
0.00154059	
0.00155232	
0.00156412	
0.00157598	
0.00158790	
0.00159990	
0.00161195	
0.00162408	
0.00163626	
0.00164852	
0.00166084	
0.00167323	
0.00168568	
0.00169820	
0.00171079	
0.00172345	
0.00173617	
0.00174897	
0.00176182	
0.00177475	
0.00178775	
0.00180081	
0.00181395	
0.00182715	
0.00184042	
0.00185376	
0.00186717	
0.00188065	
0.00189420	
0.00190782	
0.00192151	
0.00193527	
0.00194910	
0.00196301	
0.00197698	
0.00199102	
0.00200514	
0.00201933	
0.00203359	
0.00204792	
0.00206232	
0.00207680	
0.00209135	
0.00210597	
0.00212066	
0.00213543	
0.00215027	
0.00216519	
0.00218017	
0.00219524	
0.00221037	
0.00222558	
0.00224087	
0.00225623	
0.00227166	
0.00228717	
0.00230276	
0.00231842	
0.00233416	
0.00234997	
0.00236586	
0.00238182	
0.00239786	
0.00241398	
0.00243017	
0.00244644	
0.00246279	
0.00247922	
0.00249572	
0.00251230	
0.00252896	
0.00254570	
0.00256251	
0.00257940	
0.00259638	
0.00261343	
0.00263056	
0.00264776	
0.00266505	
0.00268242	
0.00269987	
0.00271739	
0.00273500	
0.00275269	
0.00277046	
0.00278831	
0.00280624	
0.00282425	
0.00284234	
0.00286051	
0.00287876	
0.00289710	
0.00291552	
0.00293402	
0.00295260	
0.00297126	
0.00299001	
0.00300884	
0.00302775	
0.00304675	
0.00306583	
0.00308499	
0.00310424	
0.00312357	
0.00314298	
0.00316248	
0.00318206	
0.00320173	
0.00322148	
0.00324132	
0.00326124	
0.00328124	
0.00330134	
0.00332151	
0.00334178	
0.00336213	
0.00338256	
0.00340308	
0.00342369	
0.00344438	
0.00346517	
0.00348603	
0.00350699	
0.00352803	
0.00354916	
0.00357038	
0.00359168	
0.00361308	
0.00363456	
0.00365613	
0.00367778	
0.00369953	
0.00372136	
0.00374329	
0.00376530	
0.00378740	
0.00380959	
0.00383187	
0.00385425	
0.00387671	
0.00389926	
0.00392190	
0.00394463	
0.00396745	
0.00399036	
0.00401337	
0.00403646	
0.00405964	
0.00408292	
0.00410629	
0.00412975	
0.00415330	
0.00417694	
0.00420068	
0.00422451	
0.00424843	
0.00427244	
0.00429655	
0.00432075	
0.00434504	
0.00436942	
0.00439390	
0.00441847	
0.00444314	
0.00446790	
0.00449275	
0.00451770	
0.00454274	
0.00456787	
0.00459310	
0.00461843	
0.00464385	
0.00466936	
0.00469498	
0.00472068	
0.00474648	
0.00477238	
0.00479837	
0.00482446	
0.00485064	
0.00487692	
0.00490330	
0.00492978	
0.00495635	
0.00498301	
0.00500978	
0.00503664	
0.00506360	
0.00509065	
0.00511780	
0.00514506	
0.00517240	
0.00519985	
0.00522740	
0.00525504	
0.00528278	
0.00531062	
0.00533856	
0.00536659	
0.00539473	
0.00542297	
0.00545130	
0.00547973	
0.00550827	
0.00553690	
0.00556563	
0.00559447	
0.00562340	
0.00565243	
0.00568156	
0.00571080	
0.00574013	
0.00576956	
0.00579910	
0.00582874	
0.00585847	
0.00588831	
0.00591825	
0.00594829	
0.00597844	
0.00600868	
0.00603903	
0.00606948	
0.00610003	
0.00613068	
0.00616144	
0.00619230	
0.00622326	
0.00625432	
0.00628549	
0.00631676	
0.00634813	
0.00637960	
0.00641118	
0.00644287	
0.00647465	
0.00650654	
0.00653854	
0.00657064	
0.00660284	
0.00663514	
0.00666755	
0.00670007	
0.00673269	
0.00676542	
0.00679824	
0.00683118	
0.00686422	
0.00689736	
0.00693061	
0.00696397	
0.00699743	
0.00703100	
0.00706467	
0.00709845	
0.00713233	
0.00716633	
0.00720042	
0.00723463	
0.00726894	
0.00730335	
0.00733788	
0.00737251	
0.00740724	
0.00744209	
0.00747704	
0.00751210	
0.00754726	
0.00758254	
0.00761792	
0.00765341	
0.00768900	
0.00772471	
0.00776052	
0.00779644	
0.00783247	
0.00786861	
0.00790485	
0.00794121	
0.00797767	
0.00801424	
0.00805092	
0.00808771	
0.00812461	
0.00816162	
0.00819874	
0.00823596	
0.00827330	
0.00831075	
0.00834830	
0.00838597	
0.00842374	
0.00846163	
0.00849962	
0.00853773	
0.00857594	
0.00861427	
0.00865270	
0.00869125	
0.00872991	
0.00876868	
0.00880756	
0.00884655	
0.00888565	
0.00892486	
0.00896418	
0.00900362	
0.00904317	
0.00908282	
0.00912259	
0.00916247	
0.00920247	
0.00924257	
0.00928279	
0.00932312	
0.00936356	
0.00940411	
0.00944478	
0.00948556	
0.00952645	
0.00956745	
0.00960857	
0.00964979	
0.00969114	
0.00973259	
0.00977416	
0.00981584	
0.00985763	
0.00989954	
0.00994156	
0.00998369	
0.01002594	
0.01006830	
0.01011077	
0.01015336	
0.01019606	
0.01023888	
0.01028181	
0.01032485	
0.01036801	
0.01041128	
0.01045467	
0.01049817	
0.01054179	
0.01058552	
0.01062936	
0.01067332	
0.01071739	
0.01076158	
0.01080589	
0.01085030	
0.01089484	
0.01093949	
0.01098425	
0.01102913	
0.01107413	
0.01111924	
0.01116446	
0.01120980	
0.01125526	
0.01130083	
0.01134652	
0.01139232	
0.01143824	
0.01148428	
0.01153043	
0.01157670	
0.01162308	
0.01166958	
0.01171620	
0.01176293	
0.01180978	
0.01185675	
0.01190383	
0.01195103	
0.01199835	
0.01204578	
0.01209333	
0.01214100	
0.01218878	
0.01223668	
0.01228470	
0.01233283	
0.01238108	
0.01242945	
0.01247794	
0.01252654	
0.01257526	
0.01262410	
0.01267306	
0.01272213	
0.01277132	
0.01282063	
0.01287006	
0.01291960	
0.01296926	
0.01301904	
0.01306894	
0.01311896	
0.01316909	
0.01321934	
0.01326971	
0.01332020	
0.01337081	
0.01342153	
0.01347238	
0.01352334	
0.01357442	
0.01362562	
0.01367694	
0.01372837	
0.01377993	
0.01383160	
0.01388339	
0.01393531	
0.01398734	
0.01403949	
0.01409175	
0.01414414	
0.01419665	
0.01424927	
0.01430202	
0.01435488	
0.01440786	
0.01446096	
0.01451418	
0.01456753	
0.01462099	
0.01467456	
0.01472826	
0.01478208	
0.01483602	
0.01489008	
0.01494425	
0.01499855	
0.01505297	
0.01510750	
0.01516216	
0.01521694	
0.01527183	
0.01532685	
0.01538198	
0.01543724	
0.01549261	
0.01554811	
0.01560373	
0.01565946	
0.01571532	
0.01577129	
0.01582739	
0.01588361	
0.01593994	
0.01599640	
0.01605298	
0.01610967	
0.01616649	
0.01622343	
0.01628049	
0.01633767	
0.01639497	
0.01645239	
0.01650993	
0.01656759	
0.01662538	
0.01668328	
0.01674130	
0.01679945	
0.01685771	
0.01691610	
0.01697460	
0.01703323	
0.01709198	
0.01715085	
0.01720984	
0.01726895	
0.01732818	
0.01738753	
0.01744701	
0.01750660	
0.01756632	
0.01762615	
0.01768611	
0.01774619	
0.01780639	
0.01786671	
0.01792715	
0.01798772	
0.01804840	
0.01810921	
0.01817013	
0.01823118	
0.01829235	
0.01835364	
0.01841505	
0.01847659	
0.01853824	
0.01860002	
0.01866192	
0.01872393	
0.01878607	
0.01884833	
0.01891072	
0.01897322	
0.01903585	
0.01909859	
0.01916146	
0.01922445	
0.01928756	
0.01935080	
0.01941415	
0.01947763	
0.01954122	
0.01960494	
0.01966878	
0.01973274	
0.01979683	
0.01986103	
0.01992536	
0.01998981	
0.02005438	
0.02011907	
0.02018388	
0.02024881	
0.02031387	
0.02037905	
0.02044435	
0.02050977	
0.02057531	
0.02064097	
0.02070676	
0.02077267	
0.02083869	
0.02090484	
0.02097112	
0.02103751	
0.02110403	
0.02117066	
0.02123742	
0.02130430	
0.02137130	
0.02143843	
0.02150567	
0.02157304	
0.02164053	
0.02170814	
0.02177587	
0.02184372	
0.02191170	
0.02197979	
0.02204801	
0.02211635	
0.02218481	
0.02225340	
0.02232210	
0.02239093	
0.02245987	
0.02252894	
0.02259814	
0.02266745	
0.02273688	
0.02280644	
0.02287611	
0.02294591	
0.02301583	
0.02308588	
0.02315604	
0.02322632	
0.02329673	
0.02336726	
0.02343791	
0.02350868	
0.02357957	
0.02365059	
0.02372172	
0.02379298	
0.02386436	
0.02393585	
0.02400748	
0.02407922	
0.02415108	
0.02422307	
0.02429517	
0.02436740	
0.02443975	
0.02451222	
0.02458481	
0.02465753	
0.02473036	
0.02480332	
0.02487639	
0.02494959	
0.02502291	
0.02509635	
0.02516991	
0.02524359	
0.02531740	
0.02539132	
0.02546537	
0.02553954	
0.02561382	
0.02568823	
0.02576276	
0.02583741	
0.02591219	
0.02598708	
0.02606209	
0.02613723	
0.02621248	
0.02628786	
0.02636336	
0.02643898	
0.02651472	
0.02659058	
0.02666656	
0.02674266	
0.02681888	
0.02689522	
0.02697169	
0.02704827	
0.02712498	
0.02720180	
0.02727875	
0.02735581	
0.02743300	
0.02751031	
0.02758774	
0.02766528	
0.02774295	
0.02782074	
0.02789865	
0.02797668	
0.02805483	
0.02813310	
0.02821149	
0.02829000	
0.02836864	
0.02844739	
0.02852626	
0.02860525	
0.02868436	
0.02876359	
0.02884295	
0.02892242	
0.02900201	
0.02908172	
0.02916155	
0.02924150	
0.02932157	
0.02940176	
0.02948207	
0.02956251	
0.02964306	
0.02972372	
0.02980451	
0.02988542	
0.02996645	
0.03004760	
0.03012887	
0.03021025	
0.03029176	
0.03037338	
0.03045513	
0.03053699	
0.03061898	
0.03070108	
0.03078330	
0.03086564	
0.03094810	
0.03103068	
0.03111338	
0.03119620	
0.03127913	
0.03136219	
0.03144536	
0.03152866	
0.03161207	
0.03169560	
0.03177925	
0.03186302	
0.03194690	
0.03203091	
0.03211503	
0.03219927	
0.03228363	
0.03236811	
0.03245271	
0.03253743	
0.03262226	
0.03270721	
0.03279228	
0.03287747	
0.03296278	
0.03304821	
0.03313375	
0.03321941	
0.03330519	
0.03339109	
0.03347710	
0.03356323	
0.03364948	
0.03373585	
0.03382234	
0.03390894	
0.03399566	
0.03408250	
0.03416946	
0.03425653	
0.03434372	
0.03443103	
0.03451846	
0.03460600	
0.03469366	
0.03478144	
0.03486934	
0.03495735	
0.03504548	
0.03513372	
0.03522208	
0.03531056	
0.03539916	
0.03548787	
0.03557670	
0.03566565	
0.03575471	
0.03584389	
0.03593319	
0.03602260	
0.03611213	
0.03620178	
0.03629154	
0.03638142	
0.03647141	
0.03656152	
0.03665175	
0.03674209	
0.03683255	
0.03692313	
0.03701382	
0.03710463	
0.03719555	
0.03728659	
0.03737774	
0.03746901	
0.03756039	
0.03765190	
0.03774351	
0.03783524	
0.03792709	
0.03801905	
0.03811113	
0.03820332	
0.03829563	
0.03838805	
0.03848059	
0.03857324	
0.03866601	
0.03875889	
0.03885189	
0.03894500	
0.03903823	
0.03913157	
0.03922503	
0.03931860	
0.03941228	
0.03950608	
0.03959999	
0.03969402	
0.03978816	
0.03988242	
0.03997679	
0.04007128	
0.04016587	
0.04026059	
0.04035541	
0.04045035	
0.04054540	
0.04064057	
0.04073585	
0.04083125	
0.04092675	
0.04102238	
0.04111811	
0.04121396	
0.04130992	
0.04140599	
0.04150218	
0.04159848	
0.04169489	
0.04179142	
0.04188806	
0.04198481	
0.04208168	
0.04217865	
0.04227574	
0.04237295	
0.04247026	
0.04256769	
0.04266523	
0.04276288	
0.04286064	
0.04295852	
0.04305651	
0.04315461	
0.04325282	
0.04335115	
0.04344958	
0.04354813	
0.04364679	
0.04374556	
0.04384444	
0.04394344	
0.04404254	
0.04414176	
0.04424109	
0.04434053	
0.04444008	
0.04453974	
0.04463951	
0.04473939	
0.04483939	
0.04493949	
0.04503971	
0.04514003	
0.04524047	
0.04534102	
0.04544168	
0.04554245	
0.04564332	
0.04574431	
0.04584541	
0.04594662	
0.04604794	
0.04614937	
0.04625091	
0.04635256	
0.04645432	
0.04655618	
0.04665816	
0.04676025	
0.04686245	
0.04696475	
0.04706717	
0.04716969	
0.04727233	
0.04737507	
0.04747792	
0.04758088	
0.04768395	
0.04778713	
0.04789042	
0.04799382	
0.04809732	
0.04820094	
0.04830466	
0.04840849	
0.04851243	
0.04861647	
0.04872063	
0.04882489	
0.04892926	
0.04903374	
0.04913833	
0.04924302	
0.04934782	
0.04945273	
0.04955775	
0.04966288	
0.04976811	
0.04987345	
0.04997890	
0.05008445	
0.05019011	
0.05029588	
0.05040175	
0.05050774	
0.05061382	
0.05072002	
0.05082632	
0.05093273	
0.05103925	
0.05114587	
0.05125260	
0.05135943	
0.05146637	
0.05157342	
0.05168057	
0.05178783	
0.05189519	
0.05200266	
0.05211024	
0.05221792	
0.05232571	
0.05243360	
0.05254160	
0.05264970	
0.05275791	
0.05286622	
0.05297464	
0.05308317	
0.05319179	
0.05330053	
0.05340937	
0.05351831	
0.05362736	
0.05373651	
0.05384576	
0.05395513	
0.05406459	
0.05417416	
0.05428383	
0.05439361	
0.05450349	
0.05461348	
0.05472357	
0.05483376	
0.05494406	
0.05505446	
0.05516496	
0.05527557	
0.05538628	
0.05549709	
0.05560801	
0.05571903	
0.05583015	
0.05594137	
0.05605270	
0.05616413	
0.05627567	
0.05638730	
0.05649904	
0.05661088	
0.05672283	
0.05683487	
0.05694702	
0.05705927	
0.05717162	
0.05728408	
0.05739663	
0.05750929	
0.05762205	
0.05773491	
0.05784787	
0.05796093	
0.05807410	
0.05818736	
0.05830073	
0.05841420	
0.05852777	
0.05864144	
0.05875521	
0.05886908	
0.05898305	
0.05909713	
0.05921130	
0.05932557	
0.05943995	
0.05955442	
0.05966900	
0.05978367	
0.05989845	
0.06001332	
0.06012829	
0.06024337	
0.06035854	
0.06047381	
0.06058919	
0.06070466	
0.06082023	
0.06093590	
0.06105167	
0.06116754	
0.06128350	
0.06139957	
0.06151574	
0.06163200	
0.06174836	
0.06186482	
0.06198138	
0.06209804	
0.06221479	
0.06233165	
0.06244860	
0.06256565	
0.06268280	
0.06280004	
0.06291738	
0.06303483	
0.06315236	
0.06327000	
0.06338773	
0.06350556	
0.06362349	
0.06374151	
0.06385964	
0.06397785	
0.06409617	
0.06421458	
0.06433309	
0.06445170	
0.06457040	
0.06468920	
0.06480809	
0.06492708	
0.06504617	
0.06516535	
0.06528463	
0.06540400	
0.06552347	
0.06564304	
0.06576270	
0.06588246	
0.06600231	
0.06612226	
0.06624230	
0.06636244	
0.06648267	
0.06660300	
0.06672342	
0.06684394	
0.06696455	
0.06708526	
0.06720606	
0.06732696	
0.06744795	
0.06756903	
0.06769021	
0.06781148	
0.06793285	
0.06805431	
0.06817586	
0.06829751	
0.06841925	
0.06854109	
0.06866302	
0.06878504	
0.06890715	
0.06902936	
0.06915166	
0.06927406	
0.06939654	
0.06951912	
0.06964180	
0.06976456	
0.06988742	
0.07001037	
0.07013341	
0.07025655	
0.07037977	
0.07050309	
0.07062650	
0.07075000	
0.07087360	
0.07099729	
0.07112106	
0.07124493	
0.07136889	
0.07149294	
0.07161709	
0.07174132	
0.07186565	
0.07199006	
0.07211457	
0.07223917	
0.07236386	
0.07248863	
0.07261350	
0.07273846	
0.07286351	
0.07298865	
0.07311388	
0.07323920	
0.07336461	
0.07349011	
0.07361570	
0.07374138	
0.07386715	
0.07399301	
0.07411896	
0.07424500	
0.07437112	
0.07449734	
0.07462364	
0.07475004	
0.07487652	
0.07500309	
0.07512975	
0.07525650	
0.07538333	
0.07551026	
0.07563727	
0.07576437	
0.07589156	
0.07601884	
0.07614620	
0.07627366	
0.07640120	
0.07652882	
0.07665654	
0.07678434	
0.07691223	
0.07704021	
0.07716827	
0.07729643	
0.07742467	
0.07755299	
0.07768140	
0.07780990	
0.07793849	
0.07806716	
0.07819592	
0.07832476	
0.07845369	
0.07858271	
0.07871181	
0.07884100	
0.07897027	
0.07909963	
0.07922908	
0.07935861	
0.07948823	
0.07961793	
0.07974772	
0.07987759	
0.08000755	
0.08013759	
0.08026771	
0.08039793	
0.08052822	
0.08065860	
0.08078907	
0.08091962	
0.08105025	
0.08118097	
0.08131178	
0.08144266	
0.08157363	
0.08170469	
0.08183582	
0.08196705	
0.08209835	
0.08222974	
0.08236121	
0.08249277	
0.08262440	
0.08275613	
0.08288793	
0.08301982	
0.08315179	
0.08328384	
0.08341597	
0.08354819	
0.08368049	
0.08381287	
0.08394534	
0.08407789	
0.08421051	
0.08434322	
0.08447602	
0.08460889	
0.08474185	
0.08487488	
0.08500800	
0.08514120	
0.08527448	
0.08540785	
0.08554129	
0.08567481	
0.08580842	
0.08594210	
0.08607587	
0.08620972	
0.08634365	
0.08647765	
0.08661174	
0.08674591	
0.08688016	
0.08701449	
0.08714890	
0.08728338	
0.08741795	
0.08755260	
0.08768733	
0.08782213	
0.08795702	
0.08809198	
0.08822703	
0.08836215	
0.08849735	
0.08863263	
0.08876799	
0.08890343	
0.08903895	
0.08917454	
0.08931022	
0.08944597	
0.08958180	
0.08971771	
0.08985369	
0.08998976	
0.09012590	
0.09026212	
0.09039842	
0.09053479	
0.09067124	
0.09080777	
0.09094438	
0.09108106	
0.09121783	
0.09135466	
0.09149158	
0.09162857	
0.09176564	
0.09190278	
0.09204000	
0.09217730	
0.09231467	
0.09245212	
0.09258965	
0.09272725	
0.09286493	
0.09300268	
0.09314051	
0.09327842	
0.09341640	
0.09355445	
0.09369258	
0.09383079	
0.09396907	
0.09410743	
0.09424586	
0.09438436	
0.09452294	
0.09466160	
0.09480033	
0.09493913	
0.09507801	
0.09521697	
0.09535599	
0.09549509	
0.09563427	
0.09577352	
0.09591284	
0.09605224	
0.09619171	
0.09633125	
0.09647087	
0.09661056	
0.09675032	
0.09689016	
0.09703007	
0.09717005	
0.09731010	
0.09745023	
0.09759043	
0.09773070	
0.09787105	
0.09801147	
0.09815196	
0.09829252	
0.09843315	
0.09857386	
0.09871464	
0.09885549	
0.09899641	
0.09913740	
0.09927847	
0.09941960	
0.09956081	
0.09970209	
0.09984344	
0.09998486	
0.10012635	
0.10026791	
0.10040954	
0.10055124	
0.10069302	
0.10083486	
0.10097678	
0.10111876	
0.10126082	
0.10140294	
0.10154514	
0.10168740	
0.10182973	
0.10197214	
0.10211461	
0.10225716	
0.10239977	
0.10254245	
0.10268520	
0.10282802	
0.10297091	
0.10311387	
0.10325689	
0.10339999	
0.10354315	
0.10368639	
0.10382969	
0.10397306	
0.10411649	
0.10426000	
0.10440357	
0.10454721	
0.10469092	
0.10483470	
0.10497854	
0.10512246	
0.10526644	
0.10541048	
0.10555460	
0.10569878	
0.10584303	
0.10598734	
0.10613173	
0.10627617	
0.10642069	
0.10656527	
0.10670992	
0.10685464	
0.10699942	
0.10714427	
0.10728918	
0.10743416	
0.10757921	
0.10772432	
0.10786950	
0.10801474	
0.10816005	
0.10830542	
0.10845086	
0.10859637	
0.10874194	
0.10888758	
0.10903328	
0.10917904	
0.10932487	
0.10947077	
0.10961673	
0.10976275	
0.10990884	
0.11005499	
0.11020121	
0.11034749	
0.11049383	
0.11064024	
0.11078672	
0.11093325	
0.11107985	
0.11122652	
0.11137324	
0.11152003	
0.11166689	
0.11181381	
0.11196079	
0.11210783	
0.11225494	
0.11240211	
0.11254934	
0.11269663	
0.11284399	
0.11299141	
0.11313889	
0.11328644	
0.11343404	
0.11358171	
0.11372944	
0.11387723	
0.11402509	
0.11417300	
0.11432098	
0.11446902	
0.11461712	
0.11476528	
0.11491350	
0.11506179	
0.11521013	
0.11535854	
0.11550701	
0.11565553	
0.11580412	
0.11595277	
0.11610148	
0.11625025	
0.11639908	
0.11654797	
0.11669692	
0.11684593	
0.11699500	
0.11714413	
0.11729332	
0.11744257	
0.11759188	
0.11774125	
0.11789068	
0.11804016	
0.11818971	
0.11833932	
0.11848898	
0.11863870	
0.11878849	
0.11893833	
0.11908823	
0.11923819	
0.11938820	
0.11953828	
0.11968841	
0.11983860	
0.11998885	
0.12013916	
0.12028952	
0.12043995	
0.12059043	
0.12074097	
0.12089156	
0.12104222	
0.12119293	
0.12134369	
0.12149452	
0.12164540	
0.12179634	
0.12194734	
0.12209839	
0.12224950	
0.12240066	
0.12255189	
0.12270317	
0.12285450	
0.12300589	
0.12315734	
0.12330884	
0.12346040	
0.12361202	
0.12376369	
0.12391542	
0.12406720	
0.12421904	
0.12437093	
0.12452288	
0.12467489	
0.12482694	
0.12497906	
0.12513123	
0.12528345	
0.12543573	
0.12558806	
0.12574045	
0.12589289	
0.12604539	
0.12619794	
0.12635055	
0.12650321	
0.12665592	
0.12680869	
0.12696151	
0.12711439	
0.12726732	
0.12742030	
0.12757333	
0.12772642	
0.12787957	
0.12803276	
0.12818601	
0.12833931	
0.12849267	
0.12864608	
0.12879954	
0.12895305	
0.12910662	
0.12926023	
0.12941391	
0.12956763	
0.12972140	
0.12987523	
0.13002911	
0.13018304	
0.13033703	
0.13049106	
0.13064515	
0.13079929	
0.13095348	
0.13110772	
0.13126201	
0.13141636	
0.13157075	
0.13172520	
0.13187970	
0.13203424	
0.13218884	
0.13234349	
0.13249819	
0.13265294	
0.13280775	
0.13296260	
0.13311750	
0.13327245	
0.13342745	
0.13358251	
0.13373761	
0.13389276	
0.13404796	
0.13420321	
0.13435851	
0.13451386	
0.13466926	
0.13482471	
0.13498021	
0.13513576	
0.13529135	
0.13544700	
0.13560269	
0.13575844	
0.13591423	
0.13607007	
0.13622596	
0.13638189	
0.13653788	
0.13669391	
0.13684999	
0.13700612	
0.13716230	
0.13731853	
0.13747480	
0.13763112	
0.13778749	
0.13794391	
0.13810037	
0.13825688	
0.13841344	
0.13857005	
0.13872670	
0.13888340	
0.13904014	
0.13919694	
0.13935378	
0.13951066	
0.13966760	
0.13982458	
0.13998160	
0.14013867	
0.14029579	
0.14045296	
0.14061017	
0.14076743	
0.14092473	
0.14108208	
0.14123947	
0.14139691	
0.14155440	
0.14171193	
0.14186950	
0.14202712	
0.14218479	
0.14234250	
0.14250026	
0.14265806	
0.14281591	
0.14297380	
0.14313173	
0.14328971	
0.14344774	
0.14360581	
0.14376392	
0.14392208	
0.14408028	
0.14423853	
0.14439682	
0.14455515	
0.14471353	
0.14487195	
0.14503041	
0.14518892	
0.14534747	
0.14550607	
0.14566471	
0.14582339	
0.14598211	
0.14614088	
0.14629969	
0.14645855	
0.14661744	
0.14677638	
0.14693536	
0.14709439	
0.14725346	
0.14741257	
0.14757172	
0.14773091	
0.14789015	
0.14804942	
0.14820874	
0.14836810	
0.14852751	
0.14868695	
0.14884644	
0.14900597	
0.14916554	
0.14932515	
0.14948480	
0.14964449	
0.14980423	
0.14996400	
0.15012382	
0.15028368	
0.15044357	
0.15060351	
0.15076349	
0.15092351	
0.15108357	
0.15124367	
0.15140381	
0.15156399	
0.15172421	
0.15188448	
0.15204478	
0.15220512	
0.15236550	
0.15252592	
0.15268638	
0.15284688	
0.15300741	
0.15316799	
0.15332861	
0.15348927	
0.15364996	
0.15381070	
0.15397147	
0.15413228	
0.15429313	
0.15445402	
0.15461495	
0.15477592	
0.15493692	
0.15509797	
0.15525905	
0.15542017	
0.15558133	
0.15574252	
0.15590376	
0.15606503	
0.15622634	
0.15638769	
0.15654907	
0.15671049	
0.15687195	
0.15703345	
0.15719499	
0.15735656	
0.15751817	
0.15767981	
0.15784150	
0.15800322	
0.15816497	
0.15832677	
0.15848860	
0.15865046	
0.15881237	
0.15897430	
0.15913628	
0.15929829	
0.15946034	
0.15962242	
0.15978454	
0.15994670	
0.16010889	
0.16027112	
0.16043338	
0.16059568	
0.16075802	
0.16092039	
0.16108279	
0.16124523	
0.16140771	
0.16157022	
0.16173277	
0.16189535	
0.16205796	
0.16222061	
0.16238330	
0.16254602	
0.16270877	
0.16287156	
0.16303438	
0.16319724	
0.16336013	
0.16352306	
0.16368602	
0.16384901	
0.16401204	
0.16417510	
0.16433820	
0.16450133	
0.16466449	
0.16482768	
0.16499091	
0.16515418	
0.16531747	
0.16548080	
0.16564417	
0.16580756	
0.16597099	
0.16613445	
0.16629795	
0.16646147	
0.16662503	
0.16678862	
0.16695225	
0.16711591	
0.16727960	
0.16744332	
0.16760707	
0.16777086	
0.16793468	
0.16809853	
0.16826241	
0.16842632	
0.16859027	
0.16875424	
0.16891825	
0.16908229	
0.16924636	
0.16941047	
0.16957460	
0.16973877	
0.16990296	
0.17006719	
0.17023145	
0.17039574	
0.17056006	
0.17072441	
0.17088879	
0.17105320	
0.17121765	
0.17138212	
0.17154662	
0.17171116	
0.17187572	
0.17204031	
0.17220494	
0.17236959	
0.17253427	
0.17269899	
0.17286373	
0.17302850	
0.17319331	
0.17335814	
0.17352300	
0.17368789	
0.17385281	
0.17401776	
0.17418274	
0.17434774	
0.17451278	
0.17467784	
0.17484294	
0.17500806	
0.17517321	
0.17533839	
0.17550360	
0.17566884	
0.17583410	
0.17599940	
0.17616472	
0.17633007	
0.17649545	
0.17666085	
0.17682628	
0.17699175	
0.17715724	
0.17732275	
0.17748830	
0.17765387	
0.17781947	
0.17798510	
0.17815075	
0.17831643	
0.17848214	
0.17864788	
0.17881364	
0.17897943	
0.17914525	
0.17931109	
0.17947696	
0.17964286	
0.17980878	
0.17997473	
0.18014071	
0.18030671	
0.18047274	
0.18063879	
0.18080488	
0.18097098	
0.18113712	
0.18130328	
0.18146946	
0.18163567	
0.18180191	
0.18196817	
0.18213446	
0.18230077	
0.18246711	
0.18263348	
0.18279987	
0.18296628	
0.18313272	
0.18329919	
0.18346567	
0.18363219	
0.18379873	
0.18396529	
0.18413188	
0.18429850	
0.18446513	
0.18463180	
0.18479848	
0.18496519	
0.18513193	
0.18529869	
0.18546547	
0.18563228	
0.18579911	
0.18596597	
0.18613285	
0.18629975	
0.18646668	
0.18663363	
0.18680060	
0.18696760	
0.18713462	
0.18730167	
0.18746873	
0.18763582	
0.18780294	
0.18797008	
0.18813724	
0.18830442	
0.18847162	
0.18863885	
0.18880610	
0.18897338	
0.18914067	
0.18930799	
0.18947533	
0.18964270	
0.18981008	
0.18997749	
0.19014492	
0.19031237	
0.19047985	
0.19064734	
0.19081486	
0.19098240	
0.19114996	
0.19131754	
0.19148515	
0.19165277	
0.19182042	
0.19198809	
0.19215578	
0.19232349	
0.19249122	
0.19265898	
0.19282675	
0.19299455	
0.19316237	
0.19333020	
0.19349806	
0.19366594	
0.19383384	
0.19400176	
0.19416970	
0.19433766	
0.19450564	
0.19467364	
0.19484166	
0.19500970	
0.19517777	
0.19534585	
0.19551395	
0.19568207	
0.19585021	
0.19601837	
0.19618655	
0.19635475	
0.19652297	
0.19669121	
0.19685947	
0.19702775	
0.19719605	
0.19736436	
0.19753270	
0.19770105	
0.19786942	
0.19803782	
0.19820623	
0.19837466	
0.19854311	
0.19871157	
0.19888006	
0.19904856	
0.19921709	
0.19938563	
0.19955419	
0.19972276	
0.19989136	
0.20005997	
0.20022861	
0.20039726	
0.20056592	
0.20073461	
0.20090331	
0.20107203	
0.20124077	
0.20140953	
0.20157830	
0.20174709	
0.20191590	
0.20208473	
0.20225357	
0.20242243	
0.20259131	
0.20276020	
0.20292912	
0.20309804	
0.20326699	
0.20343595	
0.20360493	
0.20377393	
0.20394294	
0.20411197	
0.20428101	
0.20445007	
0.20461915	
0.20478824	
0.20495735	
0.20512648	
0.20529562	
0.20546478	
0.20563396	
0.20580315	
0.20597235	
0.20614157	
0.20631081	
0.20648006	
0.20664933	
0.20681862	
0.20698792	
0.20715723	
0.20732656	
0.20749591	
0.20766527	
0.20783464	
0.20800404	
0.20817344	
0.20834286	
0.20851230	
0.20868175	
0.20885121	
0.20902069	
0.20919019	
0.20935970	
0.20952922	
0.20969876	
0.20986831	
0.21003788	
0.21020746	
0.21037705	
0.21054666	
0.21071628	
0.21088592	
0.21105557	
0.21122524	
0.21139491	
0.21156461	
0.21173431	
0.21190403	
0.21207376	
0.21224351	
0.21241327	
0.21258304	
0.21275283	
0.21292263	
0.21309244	
0.21326227	
0.21343211	
0.21360196	
0.21377183	
0.21394170	
0.21411159	
0.21428150	
0.21445141	
0.21462134	
0.21479128	
0.21496124	
0.21513120	
0.21530118	
0.21547117	
0.21564117	
0.21581119	
0.21598122	
0.21615126	
0.21632131	
0.21649137	
0.21666144	
0.21683153	
0.21700163	
0.21717174	
0.21734186	
0.21751200	
0.21768214	
0.21785230	
0.21802247	
0.21819264	
0.21836283	
0.21853304	
0.21870325	
0.21887347	
0.21904371	
0.21921395	
0.21938421	
0.21955448	
0.21972476	
0.21989505	
0.22006535	
0.22023566	
0.22040598	
0.22057631	
0.22074665	
0.22091700	
0.22108737	
0.22125774	
0.22142812	
0.22159852	
0.22176892	
0.22193933	
0.22210976	
0.22228019	
0.22245063	
0.22262108	
0.22279155	
0.22296202	
0.22313250	
0.22330299	
0.22347349	
0.22364400	
0.22381452	
0.22398505	
0.22415559	
0.22432614	
0.22449669	
0.22466726	
0.22483783	
0.22500842	
0.22517901	
0.22534961	
0.22552022	
0.22569084	
0.22586147	
0.22603211	
0.22620275	
0.22637340	
0.22654407	
0.22671474	
0.22688541	
0.22705610	
0.22722680	
0.22739750	
0.22756821	
0.22773893	
0.22790966	
0.22808039	
0.22825114	
0.22842189	
0.22859265	
0.22876341	
0.22893419	
0.22910497	
0.22927576	
0.22944655	
0.22961736	
0.22978817	
0.22995899	
0.23012981	
0.23030065	
0.23047149	
0.23064234	
0.23081319	
0.23098405	
0.23115492	
0.23132580	
0.23149668	
0.23166757	
0.23183846	
0.23200937	
0.23218027	
0.23235119	
0.23252211	
0.23269304	
0.23286397	
0.23303492	
0.23320586	
0.23337682	
0.23354778	
0.23371874	
0.23388971	
0.23406069	
0.23423167	
0.23440266	
0.23457366	
0.23474466	
0.23491567	
0.23508668	
0.23525770	
0.23542872	
0.23559975	
0.23577078	
0.23594182	
0.23611287	
0.23628392	
0.23645498	
0.23662604	
0.23679710	
0.23696817	
0.23713925	
0.23731033	
0.23748142	
0.23765251	
0.23782360	
0.23799470	
0.23816581	
0.23833692	
0.23850803	
0.23867915	
0.23885027	
0.23902140	
0.23919253	
0.23936367	
0.23953481	
0.23970596	
0.23987710	
0.24004826	
0.24021941	
0.24039058	
0.24056174	
0.24073291	
0.24090408	
0.24107526	
0.24124644	
0.24141762	
0.24158881	
0.24176000	
0.24193120	
0.24210239	
0.24227359	
0.24244480	
0.24261601	
0.24278722	
0.24295843	
0.24312965	
0.24330087	
0.24347210	
0.24364332	
0.24381455	
0.24398579	
0.24415702	
0.24432826	
0.24449950	
0.24467074	
0.24484199	
0.24501324	
0.24518449	
0.24535574	
0.24552700	
0.24569826	
0.24586952	
0.24604078	
0.24621205	
0.24638332	
0.24655459	
0.24672586	
0.24689713	
0.24706841	
0.24723969	
0.24741097	
0.24758225	
0.24775353	
0.24792482	
0.24809611	
0.24826739	
0.24843868	
0.24860998	
0.24878127	
0.24895256	
0.24912386	
0.24929516	
0.24946645	
0.24963775	
0.24980905	
0.24998036	
0.25015166	
0.25032296	
0.25049427	
0.25066557	
0.25083688	
0.25100819	
0.25117950	
0.25135081	
0.25152212	
0.25169343	
0.25186474	
0.25203605	
0.25220736	
0.25237867	
0.25254999	
0.25272130	
0.25289261	
0.25306393	
0.25323524	
0.25340655	
0.25357787	
0.25374918	
0.25392050	
0.25409181	
0.25426312	
0.25443444	
0.25460575	
0.25477707	
0.25494838	
0.25511969	
0.25529100	
0.25546232	
0.25563363	
0.25580494	
0.25597625	
0.25614756	
0.25631887	
0.25649017	
0.25666148	
0.25683279	
0.25700409	
0.25717540	
0.25734670	
0.25751801	
0.25768931	
0.25786061	
0.25803191	
0.25820321	
0.25837450	
0.25854580	
0.25871709	
0.25888839	
0.25905968	
0.25923097	
0.25940226	
0.25957354	
0.25974483	
0.25991611	
0.26008740	
0.26025868	
0.26042995	
0.26060123	
0.26077250	
0.26094378	
0.26111505	
0.26128632	
0.26145758	
0.26162885	
0.26180011	
0.26197137	
0.26214263	
0.26231388	
0.26248514	
0.26265639	
0.26282763	
0.26299888	
0.26317012	
0.26334136	
0.26351260	
0.26368384	
0.26385507	
0.26402630	
0.26419753	
0.26436875	
0.26453997	
0.26471119	
0.26488240	
0.26505362	
0.26522483	
0.26539603	
0.26556723	
0.26573843	
0.26590963	
0.26608082	
0.26625201	
0.26642320	
0.26659438	
0.26676556	
0.26693674	
0.26710791	
0.26727908	
0.26745024	
0.26762140	
0.26779256	
0.26796371	
0.26813486	
0.26830601	
0.26847715	
0.26864829	
0.26881942	
0.26899055	
0.26916168	
0.26933280	
0.26950391	
0.26967503	
0.26984614	
0.27001724	
0.27018834	
0.27035943	
0.27053053	
0.27070161	
0.27087269	
0.27104377	
0.27121484	
0.27138591	
0.27155698	
0.27172803	
0.27189909	
0.27207014	
0.27224118	
0.27241222	
0.27258325	
0.27275428	
0.27292531	
0.27309633	
0.27326734	
0.27343835	
0.27360935	
0.27378035	
0.27395134	
0.27412233	
0.27429331	
0.27446429	
0.27463526	
0.27480622	
0.27497718	
0.27514814	
0.27531909	
0.27549003	
0.27566097	
0.27583190	
0.27600282	
0.27617374	
0.27634466	
0.27651556	
0.27668647	
0.27685736	
0.27702825	
0.27719913	
0.27737001	
0.27754088	
0.27771175	
0.27788261	
0.27805346	
0.27822430	
0.27839514	
0.27856598	
0.27873680	
0.27890762	
0.27907844	
0.27924924	
0.27942004	
0.27959084	
0.27976162	
0.27993240	
0.28010318	
0.28027394	
0.28044470	
0.28061545	
0.28078620	
0.28095694	
0.28112767	
0.28129839	
0.28146911	
0.28163982	
0.28181052	
0.28198122	
0.28215191	
0.28232259	
0.28249326	
0.28266393	
0.28283458	
0.28300524	
0.28317588	
0.28334651	
0.28351714	
0.28368776	
0.28385838	
0.28402898	
0.28419958	
0.28437017	
0.28454075	
0.28471132	
0.28488189	
0.28505245	
0.28522300	
0.28539354	
0.28556407	
0.28573460	
0.28590511	
0.28607562	
0.28624612	
0.28641662	
0.28658710	
0.28675758	
0.28692804	
0.28709850	
0.28726895	
0.28743939	
0.28760983	
0.28778025	
0.28795067	
0.28812108	
0.28829148	
0.28846187	
0.28863225	
0.28880262	
0.28897298	
0.28914334	
0.28931368	
0.28948402	
0.28965435	
0.28982466	
0.28999497	
0.29016527	
0.29033557	
0.29050585	
0.29067612	
0.29084638	
0.29101664	
0.29118688	
0.29135712	
0.29152734	
0.29169756	
0.29186777	
0.29203796	
0.29220815	
0.29237833	
0.29254850	
0.29271866	
0.29288880	
0.29305894	
0.29322907	
0.29339919	
0.29356930	
0.29373940	
0.29390949	
0.29407957	
0.29424964	
0.29441970	
0.29458975	
0.29475979	
0.29492982	
0.29509984	
0.29526985	
0.29543984	
0.29560983	
0.29577981	
0.29594978	
0.29611973	
0.29628968	
0.29645962	
0.29662954	
0.29679946	
0.29696936	
0.29713925	
0.29730914	
0.29747901	
0.29764887	
0.29781872	
0.29798856	
0.29815839	
0.29832821	
0.29849801	
0.29866781	
0.29883759	
0.29900737	
0.29917713	
0.29934688	
0.29951662	
0.29968635	
0.29985607	
0.30002578	
0.30019547	
0.30036516	
0.30053483	
0.30070449	
0.30087414	
0.30104378	
0.30121341	
0.30138302	
0.30155263	
0.30172222	
0.30189180	
0.30206137	
0.30223093	
0.30240047	
0.30257000	
0.30273953	
0.30290904	
0.30307853	
0.30324802	
0.30341750	
0.30358696	
0.30375641	
0.30392585	
0.30409527	
0.30426469	
0.30443409	
0.30460348	
0.30477286	
0.30494222	
0.30511157	
0.30528091	
0.30545024	
0.30561956	
0.30578886	
0.30595815	
0.30612743	
0.30629670	
0.30646595	
0.30663519	
0.30680442	
0.30697363	
0.30714284	
0.30731203	
0.30748120	
0.30765037	
0.30781952	
0.30798866	
0.30815778	
0.30832690	
0.30849600	
0.30866508	
0.30883416	
0.30900322	
0.30917226	
0.30934130	
0.30951032	
0.30967933	
0.30984832	
0.31001730	
0.31018627	
0.31035523	
0.31052417	
0.31069310	
0.31086201	
0.31103091	
0.31119980	
0.31136868	
0.31153754	
0.31170638	
0.31187522	
0.31204404	
0.31221284	
0.31238164	
0.31255042	
0.31271918	
0.31288793	
0.31305667	
0.31322539	
0.31339410	
0.31356280	
0.31373148	
0.31390015	
0.31406880	
0.31423744	
0.31440606	
0.31457468	
0.31474327	
0.31491186	
0.31508042	
0.31524898	
0.31541752	
0.31558605	
0.31575456	
0.31592305	
0.31609154	
0.31626000	
0.31642846	
0.31659690	
0.31676532	
0.31693373	
0.31710213	
0.31727051	
0.31743888	
0.31760723	
0.31777556	
0.31794389	
0.31811219	
0.31828049	
0.31844876	
0.31861703	
0.31878527	
0.31895351	
0.31912172	
0.31928993	
0.31945812	
0.31962629	
0.31979445	
0.31996259	
0.32013072	
0.32029883	
0.32046693	
0.32063501	
0.32080307	
0.32097113	
0.32113916	
0.32130718	
0.32147519	
0.32164318	
0.32181115	
0.32197911	
0.32214705	
0.32231498	
0.32248289	
0.32265079	
0.32281867	
0.32298654	
0.32315439	
0.32332222	
0.32349004	
0.32365784	
0.32382563	
0.32399340	
0.32416115	
0.32432889	
0.32449662	
0.32466432	
0.32483201	
0.32499969	
0.32516735	
0.32533499	
0.32550262	
0.32567023	
0.32583782	
0.32600540	
0.32617297	
0.32634051	
0.32650804	
0.32667555	
0.32684305	
0.32701053	
0.32717800	
0.32734545	
0.32751288	
0.32768029	
0.32784769	
0.32801507	
0.32818244	
0.32834979	
0.32851712	
0.32868444	
0.32885173	
0.32901902	
0.32918628	
0.32935353	
0.32952076	
0.32968798	
0.32985518	
0.33002236	
0.33018952	
0.33035667	
0.33052380	
0.33069092	
0.33085801	
0.33102509	
0.33119216	
0.33135920	
0.33152623	
0.33169324	
0.33186024	
0.33202721	
0.33219417	
0.33236112	
0.33252804	
0.33269495	
0.33286184	
0.33302871	
0.33319557	
0.33336241	
0.33352923	
0.33369603	
0.33386282	
0.33402959	
0.33419634	
0.33436307	
0.33452979	
0.33469649	
0.33486317	
0.33502983	
0.33519648	
0.33536310	
0.33552971	
0.33569630	
0.33586288	
0.33602944	
0.33619597	
0.33636249	
0.33652900	
0.33669548	
0.33686195	
0.33702840	
0.33719483	
0.33736124	
0.33752764	
0.33769401	
0.33786037	
0.33802671	
0.33819303	
0.33835934	
0.33852562	
0.33869189	
0.33885814	
0.33902437	
0.33919058	
0.33935678	
0.33952295	
0.33968911	
0.33985525	
0.34002137	
0.34018747	
0.34035355	
0.34051962	
0.34068566	
0.34085169	
0.34101770	
0.34118369	
0.34134966	
0.34151562	
0.34168155	
0.34184747	
0.34201336	
0.34217924	
0.34234510	
0.34251094	
0.34267676	
0.34284256	
0.34300835	
0.34317411	
0.34333986	
0.34350558	
0.34367129	
0.34383698	
0.34400265	
0.34416830	
0.34433393	
0.34449954	
0.34466514	
0.34483071	
0.34499627	
0.34516180	
0.34532732	
0.34549281	
0.34565829	
0.34582375	
0.34598919	
0.34615461	
0.34632001	
0.34648539	
0.34665075	
0.34681609	
0.34698141	
0.34714672	
0.34731200	
0.34747726	
0.34764251	
0.34780773	
0.34797294	
0.34813812	
0.34830329	
0.34846843	
0.34863356	
0.34879866	
0.34896375	
0.34912882	
0.34929386	
0.34945889	
0.34962390	
0.34978888	
0.34995385	
0.35011880	
0.35028372	
0.35044863	
0.35061352	
0.35077838	
0.35094323	
0.35110806	
0.35127286	
0.35143765	
0.35160242	
0.35176716	
0.35193189	
0.35209659	
0.35226128	
0.35242594	
0.35259059	
0.35275521	
0.35291982	
0.35308440	
0.35324896	
0.35341351	
0.35357803	
0.35374253	
0.35390701	
0.35407147	
0.35423591	
0.35440033	
0.35456473	
0.35472911	
0.35489347	
0.35505781	
0.35522212	
0.35538642	
0.35555070	
0.35571495	
0.35587918	
0.35604340	
0.35620759	
0.35637176	
0.35653591	
0.35670004	
0.35686415	
0.35702824	
0.35719230	
0.35735635	
0.35752038	
0.35768438	
0.35784836	
0.35801232	
0.35817627	
0.35834019	
0.35850408	
0.35866796	
0.35883182	
0.35899565	
0.35915947	
0.35932326	
0.35948703	
0.35965078	
0.35981451	
0.35997822	
0.36014190	
0.36030557	
0.36046921	
0.36063284	
0.36079644	
0.36096002	
0.36112357	
0.36128711	
0.36145063	
0.36161412	
0.36177759	
0.36194104	
0.36210447	
0.36226788	
0.36243126	
0.36259463	
0.36275797	
0.36292129	
0.36308459	
0.36324787	
0.36341112	
0.36357436	
0.36373757	
0.36390076	
0.36406393	
0.36422707	
0.36439020	
0.36455330	
0.36471638	
0.36487944	
0.36504248	
0.36520549	
0.36536848	
0.36553145	
0.36569440	
0.36585733	
0.36602023	
0.36618312	
0.36634598	
0.36650882	
0.36667163	
0.36683443	
0.36699720	
0.36715995	
0.36732267	
0.36748538	
0.36764806	
0.36781072	
0.36797336	
0.36813598	
0.36829857	
0.36846114	
0.36862369	
0.36878622	
0.36894872	
0.36911120	
0.36927366	
0.36943610	
0.36959851	
0.36976090	
0.36992327	
0.37008562	
0.37024794	
0.37041024	
0.37057252	
0.37073478	
0.37089701	
0.37105922	
0.37122141	
0.37138357	
0.37154572	
0.37170784	
0.37186993	
0.37203201	
0.37219406	
0.37235609	
0.37251809	
0.37268007	
0.37284203	
0.37300397	
0.37316588	
0.37332777	
0.37348964	
0.37365149	
0.37381331	
0.37397511	
0.37413688	
0.37429864	
0.37446037	
0.37462207	
0.37478376	
0.37494542	
0.37510705	
0.37526867	
0.37543026	
0.37559183	
0.37575337	
0.37591489	
0.37607639	
0.37623786	
0.37639932	
0.37656074	
0.37672215	
0.37688353	
0.37704489	
0.37720622	
0.37736753	
0.37752882	
0.37769008	
0.37785132	
0.37801254	
0.37817374	
0.37833491	
0.37849605	
0.37865718	
0.37881827	
0.37897935	
0.37914040	
0.37930143	
0.37946244	
0.37962342	
0.37978438	
0.37994531	
0.38010622	
0.38026711	
0.38042797	
0.38058881	
0.38074962	
0.38091041	
0.38107118	
0.38123193	
0.38139265	
0.38155334	
0.38171401	
0.38187466	
0.38203529	
0.38219589	
0.38235646	
0.38251702	
0.38267754	
0.38283805	
0.38299853	
0.38315898	
0.38331942	
0.38347983	
0.38364021	
0.38380057	
0.38396091	
0.38412122	
0.38428150	
0.38444177	
0.38460201	
0.38476222	
0.38492241	
0.38508258	
0.38524272	
0.38540284	
0.38556293	
0.38572300	
0.38588305	
0.38604307	
0.38620306	
0.38636304	
0.38652298	
0.38668291	
0.38684280	
0.38700268	
0.38716253	
0.38732235	
0.38748215	
0.38764193	
0.38780168	
0.38796141	
0.38812111	
0.38828079	
0.38844044	
0.38860007	
0.38875968	
0.38891926	
0.38907881	
0.38923834	
0.38939785	
0.38955733	
0.38971678	
0.38987621	
0.39003562	
0.39019500	
0.39035436	
0.39051369	
0.39067300	
0.39083228	
0.39099154	
0.39115077	
0.39130998	
0.39146916	
0.39162832	
0.39178746	
0.39194656	
0.39210565	
0.39226471	
0.39242374	
0.39258275	
0.39274173	
0.39290069	
0.39305962	
0.39321853	
0.39337741	
0.39353627	
0.39369511	
0.39385391	
0.39401270	
0.39417145	
0.39433019	
0.39448889	
0.39464758	
0.39480623	
0.39496486	
0.39512347	
0.39528205	
0.39544061	
0.39559914	
0.39575764	
0.39591612	
0.39607458	
0.39623301	
0.39639141	
0.39654979	
0.39670814	
0.39686647	
0.39702477	
0.39718305	
0.39734130	
0.39749953	
0.39765773	
0.39781590	
0.39797405	
0.39813217	
0.39829027	
0.39844835	
0.39860639	
0.39876441	
0.39892241	
0.39908038	
0.39923833	
0.39939625	
0.39955414	
0.39971201	
0.39986985	
0.40002767	
0.40018546	
0.40034322	
0.40050096	
0.40065867	
0.40081636	
0.40097402	
0.40113166	
0.40128927	
0.40144685	
0.40160441	
0.40176195	
0.40191945	
0.40207693	
0.40223439	
0.40239182	
0.40254922	
0.40270660	
0.40286395	
0.40302128	
0.40317858	
0.40333585	
0.40349310	
0.40365032	
0.40380752	
0.40396468	
0.40412183	
0.40427895	
0.40443604	
0.40459310	
0.40475014	
0.40490715	
0.40506414	
0.40522110	
0.40537804	
0.40553494	
0.40569183	
0.40584868	
0.40600551	
0.40616232	
0.40631909	
0.40647584	
0.40663257	
0.40678927	
0.40694594	
0.40710259	
0.40725921	
0.40741580	
0.40757237	
0.40772891	
0.40788542	
0.40804191	
0.40819837	
0.40835480	
0.40851121	
0.40866760	
0.40882395	
0.40898028	
0.40913658	
0.40929286	
0.40944911	
0.40960533	
0.40976153	
0.40991770	
0.41007384	
0.41022996	
0.41038605	
0.41054211	
0.41069815	
0.41085416	
0.41101015	
0.41116610	
0.41132203	
0.41147794	
0.41163382	
0.41178967	
0.41194549	
0.41210129	
0.41225706	
0.41241280	
0.41256852	
0.41272421	
0.41287987	
0.41303551	
0.41319112	
0.41334670	
0.41350226	
0.41365779	
0.41381329	
0.41396877	
0.41412422	
0.41427964	
0.41443503	
0.41459040	
0.41474574	
0.41490106	
0.41505634	
0.41521160	
0.41536684	
0.41552205	
0.41567722	
0.41583238	
0.41598750	
0.41614260	
0.41629767	
0.41645272	
0.41660773	
0.41676273	
0.41691769	
0.41707262	
0.41722753	
0.41738242	
0.41753727	
0.41769210	
0.41784690	
0.41800167	
0.41815642	
0.41831114	
0.41846583	
0.41862049	
0.41877513	
0.41892974	
0.41908432	
0.41923888	
0.41939341	
0.41954791	
0.41970238	
0.41985683	
0.42001125	
0.42016564	
0.42032001	
0.42047434	
0.42062865	
0.42078294	
0.42093719	
0.42109142	
0.42124562	
0.42139979	
0.42155394	
0.42170806	
0.42186215	
0.42201621	
0.42217025	
0.42232425	
0.42247823	
0.42263219	
0.42278611	
0.42294001	
0.42309388	
0.42324773	
0.42340154	
0.42355533	
0.42370909	
0.42386282	
0.42401653	
0.42417021	
0.42432386	
0.42447748	
0.42463107	
0.42478464	
0.42493818	
0.42509169	
0.42524518	
0.42539863	
0.42555206	
0.42570546	
0.42585884	
0.42601218	
0.42616550	
0.42631879	
0.42647206	
0.42662529	
0.42677850	
0.42693168	
0.42708483	
0.42723795	
0.42739105	
0.42754412	
0.42769716	
0.42785017	
0.42800315	
0.42815611	
0.42830904	
0.42846194	
0.42861481	
0.42876766	
0.42892047	
0.42907326	
0.42922603	
0.42937876	
0.42953146	
0.42968414	
0.42983679	
0.42998941	
0.43014201	
0.43029457	
0.43044711	
0.43059962	
0.43075210	
0.43090455	
0.43105698	
0.43120938	
0.43136175	
0.43151409	
0.43166640	
0.43181868	
0.43197094	
0.43212317	
0.43227537	
0.43242754	
0.43257969	
0.43273180	
0.43288389	
0.43303595	
0.43318798	
0.43333999	
0.43349196	
0.43364391	
0.43379583	
0.43394772	
0.43409958	
0.43425142	
0.43440322	
0.43455500	
0.43470675	
0.43485847	
0.43501016	
0.43516183	
0.43531346	
0.43546507	
0.43561665	
0.43576820	
0.43591973	
0.43607122	
0.43622269	
0.43637412	
0.43652553	
0.43667691	
0.43682827	
0.43697959	
0.43713089	
0.43728215	
0.43743339	
0.43758460	
0.43773579	
0.43788694	
0.43803807	
0.43818916	
0.43834023	
0.43849127	
0.43864228	
0.43879326	
0.43894422	
0.43909514	
0.43924604	
0.43939691	
0.43954775	
0.43969856	
0.43984934	
0.44000010	
0.44015082	
0.44030152	
0.44045219	
0.44060283	
0.44075344	
0.44090402	
0.44105458	
0.44120510	
0.44135560	
0.44150607	
0.44165651	
0.44180692	
0.44195730	
0.44210765	
0.44225798	
0.44240827	
0.44255854	
0.44270878	
0.44285899	
0.44300917	
0.44315932	
0.44330945	
0.44345954	
0.44360961	
0.44375965	
0.44390965	
0.44405963	
0.44420958	
0.44435951	
0.44450940	
0.44465926	
0.44480910	
0.44495891	
0.44510869	
0.44525843	
0.44540815	
0.44555785	
0.44570751	
0.44585714	
0.44600675	
0.44615632	
0.44630587	
0.44645539	
0.44660488	
0.44675434	
0.44690377	
0.44705317	
0.44720254	
0.44735189	
0.44750120	
0.44765049	
0.44779975	
0.44794897	
0.44809817	
0.44824734	
0.44839649	
0.44854560	
0.44869468	
0.44884374	
0.44899276	
0.44914176	
0.44929072	
0.44943966	
0.44958857	
0.44973745	
0.44988630	
0.45003512	
0.45018392	
0.45033268	
0.45048141	
0.45063012	
0.45077880	
0.45092744	
0.45107606	
0.45122465	
0.45137321	
0.45152174	
0.45167024	
0.45181871	
0.45196716	
0.45211557	
0.45226395	
0.45241231	
0.45256063	
0.45270893	
0.45285720	
0.45300544	
0.45315365	
0.45330183	
0.45344998	
0.45359810	
0.45374619	
0.45389425	
0.45404229	
0.45419029	
0.45433827	
0.45448621	
0.45463413	
0.45478202	
0.45492987	
0.45507770	
0.45522550	
0.45537327	
0.45552101	
0.45566872	
0.45581641	
0.45596406	
0.45611168	
0.45625927	
0.45640684	
0.45655437	
0.45670188	
0.45684935	
0.45699680	
0.45714422	
0.45729161	
0.45743897	
0.45758629	
0.45773359	
0.45788086	
0.45802810	
0.45817532	
0.45832250	
0.45846965	
0.45861677	
0.45876387	
0.45891093	
0.45905796	
0.45920497	
0.45935194	
0.45949889	
0.45964581	
0.45979269	
0.45993955	
0.46008638	
0.46023318	
0.46037995	
0.46052668	
0.46067339	
0.46082007	
0.46096672	
0.46111335	
0.46125994	
0.46140650	
0.46155303	
0.46169953	
0.46184601	
0.46199245	
0.46213886	
0.46228525	
0.46243160	
0.46257793	
0.46272422	
0.46287049	
0.46301672	
0.46316293	
0.46330911	
0.46345525	
0.46360137	
0.46374746	
0.46389351	
0.46403954	
0.46418554	
0.46433151	
0.46447745	
0.46462336	
0.46476924	
0.46491509	
0.46506091	
0.46520670	
0.46535246	
0.46549819	
0.46564389	
0.46578956	
0.46593520	
0.46608082	
0.46622640	
0.46637195	
0.46651747	
0.46666297	
0.46680843	
0.46695386	
0.46709927	
0.46724464	
0.46738998	
0.46753530	
0.46768058	
0.46782584	
0.46797106	
0.46811626	
0.46826142	
0.46840656	
0.46855166	
0.46869674	
0.46884178	
0.46898680	
0.46913178	
0.46927674	
0.46942166	
0.46956656	
0.46971143	
0.46985626	
0.47000107	
0.47014585	
0.47029059	
0.47043531	
0.47058000	
0.47072465	
0.47086928	
0.47101388	
0.47115844	
0.47130298	
0.47144749	
0.47159197	
0.47173641	
0.47188083	
0.47202522	
0.47216958	
0.47231390	
0.47245820	
0.47260247	
0.47274671	
0.47289091	
0.47303509	
0.47317924	
0.47332336	
0.47346744	
0.47361150	
0.47375553	
0.47389952	
0.47404349	
0.47418743	
0.47433134	
0.47447521	
0.47461906	
0.47476288	
0.47490667	
0.47505042	
0.47519415	
0.47533785	
0.47548151	
0.47562515	
0.47576876	
0.47591233	
0.47605588	
0.47619940	
0.47634288	
0.47648634	
0.47662977	
0.47677316	
0.47691653	
0.47705986	
0.47720317	
0.47734644	
0.47748969	
0.47763291	
0.47777609	
0.47791925	
0.47806237	
0.47820546	
0.47834853	
0.47849156	
0.47863457	
0.47877754	
0.47892049	
0.47906340	
0.47920628	
0.47934914	
0.47949196	
0.47963475	
0.47977752	
0.47992025	
0.48006295	
0.48020562	
0.48034827	
0.48049088	
0.48063346	
0.48077601	
0.48091853	
0.48106102	
0.48120348	
0.48134591	
0.48148831	
0.48163068	
0.48177302	
0.48191533	
0.48205761	
0.48219986	
0.48234208	
0.48248427	
0.48262643	
0.48276855	
0.48291065	
0.48305272	
0.48319476	
0.48333676	
0.48347874	
0.48362069	
0.48376260	
0.48390449	
0.48404634	
0.48418817	
0.48432996	
0.48447173	
0.48461346	
0.48475517	
0.48489684	
0.48503848	
0.48518010	
0.48532168	
0.48546323	
0.48560475	
0.48574624	
0.48588770	
0.48602914	
0.48617054	
0.48631191	
0.48645325	
0.48659456	
0.48673583	
0.48687708	
0.48701830	
0.48715949	
0.48730065	
0.48744177	
0.48758287	
0.48772394	
0.48786497	
0.48800598	
0.48814695	
0.48828790	
0.48842881	
0.48856970	
0.48871055	
0.48885137	
0.48899217	
0.48913293	
0.48927366	
0.48941436	
0.48955504	
0.48969568	
0.48983629	
0.48997687	
0.49011742	
0.49025793	
0.49039842	
0.49053888	
0.49067931	
0.49081971	
0.49096007	
0.49110041	
0.49124072	
0.49138099	
0.49152124	
0.49166145	
0.49180163	
0.49194179	
0.49208191	
0.49222200	
0.49236207	
0.49250210	
0.49264210	
0.49278207	
0.49292201	
0.49306192	
0.49320180	
0.49334165	
0.49348147	
0.49362125	
0.49376101	
0.49390074	
0.49404043	
0.49418010	
0.49431974	
0.49445934	
0.49459891	
0.49473846	
0.49487797	
0.49501745	
0.49515691	
0.49529633	
0.49543572	
0.49557508	
0.49571441	
0.49585371	
0.49599298	
0.49613222	
0.49627142	
0.49641060	
0.49654975	
0.49668886	
0.49682795	
0.49696700	
0.49710603	
0.49724502	
0.49738399	
0.49752292	
0.49766182	
0.49780069	
0.49793953	
0.49807834	
0.49821712	
0.49835587	
0.49849459	
0.49863328	
0.49877194	
0.49891057	
0.49904916	
0.49918773	
0.49932626	
0.49946477	
0.49960324	
0.49974169	
0.49988010	
0.50001848	
0.50015683	
0.50029515	
0.50043344	
0.50057170	
0.50070993	
0.50084813	
0.50098630	
0.50112444	
0.50126254	
0.50140062	
0.50153867	
0.50167668	
0.50181467	
0.50195262	
0.50209054	
0.50222843	
0.50236630	
0.50250413	
0.50264193	
0.50277970	
0.50291744	
0.50305515	
0.50319282	
0.50333047	
0.50346809	
0.50360567	
0.50374323	
0.50388075	
0.50401825	
0.50415571	
0.50429314	
0.50443055	
0.50456792	
0.50470526	
0.50484257	
0.50497985	
0.50511710	
0.50525432	
0.50539150	
0.50552866	
0.50566579	
0.50580288	
0.50593995	
0.50607698	
0.50621398	
0.50635096	
0.50648790	
0.50662481	
0.50676169	
0.50689854	
0.50703536	
0.50717215	
0.50730891	
0.50744563	
0.50758233	
0.50771900	
0.50785563	
0.50799224	
0.50812881	
0.50826535	
0.50840187	
0.50853835	
0.50867480	
0.50881122	
0.50894761	
0.50908397	
0.50922030	
0.50935659	
0.50949286	
0.50962910	
0.50976530	
0.50990148	
0.51003762	
0.51017373	
0.51030982	
0.51044587	
0.51058189	
0.51071788	
0.51085384	
0.51098977	
0.51112567	
0.51126154	
0.51139737	
0.51153318	
0.51166895	
0.51180470	
0.51194041	
0.51207610	
0.51221175	
0.51234737	
0.51248296	
0.51261852	
0.51275405	
0.51288955	
0.51302502	
0.51316045	
0.51329586	
0.51343124	
0.51356658	
0.51370190	
0.51383718	
0.51397243	
0.51410766	
0.51424285	
0.51437801	
0.51451314	
0.51464824	
0.51478331	
0.51491834	
0.51505335	
0.51518833	
0.51532327	
0.51545819	
0.51559307	
0.51572792	
0.51586275	
0.51599754	
0.51613230	
0.51626703	
0.51640173	
0.51653640	
0.51667104	
0.51680564	
0.51694022	
0.51707477	
0.51720928	
0.51734377	
0.51747822	
0.51761264	
0.51774703	
0.51788139	
0.51801573	
0.51815003	
0.51828429	
0.51841853	
0.51855274	
0.51868692	
0.51882106	
0.51895518	
0.51908926	
0.51922332	
0.51935734	
0.51949133	
0.51962529	
0.51975922	
0.51989312	
0.52002699	
0.52016083	
0.52029464	
0.52042841	
0.52056216	
0.52069588	
0.52082956	
0.52096321	
0.52109684	
0.52123043	
0.52136399	
0.52149752	
0.52163102	
0.52176449	
0.52189793	
0.52203134	
0.52216471	
0.52229806	
0.52243137	
0.52256466	
0.52269791	
0.52283114	
0.52296433	
0.52309749	
0.52323062	
0.52336372	
0.52349679	
0.52362983	
0.52376284	
0.52389581	
0.52402876	
0.52416167	
0.52429456	
0.52442741	
0.52456023	
0.52469303	
0.52482579	
0.52495852	
0.52509122	
0.52522389	
0.52535653	
0.52548913	
0.52562171	
0.52575426	
0.52588677	
0.52601926	
0.52615171	
0.52628413	
0.52641653	
0.52654889	
0.52668122	
0.52681352	
0.52694579	
0.52707803	
0.52721023	
0.52734241	
0.52747456	
0.52760667	
0.52773876	
0.52787081	
0.52800283	
0.52813483	
0.52826679	
0.52839872	
0.52853062	
0.52866249	
0.52879433	
0.52892613	
0.52905791	
0.52918966	
0.52932137	
0.52945306	
0.52958471	
0.52971633	
0.52984793	
0.52997949	
0.53011102	
0.53024252	
0.53037399	
0.53050543	
0.53063683	
0.53076821	
0.53089956	
0.53103087	
0.53116216	
0.53129341	
0.53142464	
0.53155583	
0.53168699	
0.53181812	
0.53194922	
0.53208029	
0.53221133	
0.53234234	
0.53247332	
0.53260426	
0.53273518	
0.53286606	
0.53299692	
0.53312774	
0.53325853	
0.53338929	
0.53352003	
0.53365073	
0.53378140	
0.53391204	
0.53404264	
0.53417322	
0.53430377	
0.53443428	
0.53456477	
0.53469522	
0.53482565	
0.53495604	
0.53508640	
0.53521674	
0.53534704	
0.53547731	
0.53560755	
0.53573775	
0.53586793	
0.53599808	
0.53612820	
0.53625828	
0.53638834	
0.53651836	
0.53664835	
0.53677832	
0.53690825	
0.53703815	
0.53716802	
0.53729786	
0.53742767	
0.53755745	
0.53768720	
0.53781691	
0.53794660	
0.53807626	
0.53820588	
0.53833547	
0.53846504	
0.53859457	
0.53872407	
0.53885354	
0.53898298	
0.53911239	
0.53924177	
0.53937112	
